scale  0.001;  
nrad   40; 
delHub   4.0156511521668286; 
delCas   4.0156511521668286; 
bladeBLthickness   1.0931365393981225; 
dely1Blade   0.015904371093358363; 
dy1Hub   0.017863650439327534; 
dy1Cas   0.017863650439327534; 
gRad   2; 
gTan   2; 
ntan   102; 
nax1   45; 
nax2   27; 
nax3   29; 
nax4   46; 
spanI   97.48080011863154; 
spanL   97.97874475916156; 
spanM   99.69027088862387; 
spanT   102.2826779319704; 
spanO   84.24827727121044; 
gTanIhub   1.0; 
gTanOhub   1.0; 
gTanIcas   1.0; 
gTanOcas   1.0; 
fLEHP   0.5864563301634539; 
gLEHP   14.81995742651088; 
gM1HP   1.7697678792300395; 
fTEHP   0.6133067793732073; 
gTEHP   0.04495630149633165; 
gM2HP   0.5661970771482369; 
fLEHN   0.5867338615257137; 
gLEHN   14.76124697755125; 
gM1HN   1.776786879059456; 
fTEHN   0.6089515346373293; 
gTEHN   0.042384322587544467; 
gM2HN   0.6003601657222813; 
fLECP   0.5886369055171333; 
gLECP   14.951507512088357; 
gM1CP   1.7884257036262583; 
fTECP   0.6160524738354063; 
gTECP   0.04495799138833361; 
gM2CP   0.5553718521200148; 
fLECN   0.5886815910800496; 
gLECN   14.941999730393226; 
gM1CN   1.789559841661101; 
fTECN   0.6170120229268202; 
gTECN   0.045540462041143204; 
gM2CN   0.5483243473246519; 
cHP   35.69973916329147; 
cHN   35.69973916329147; 
cCP   34.99640143975984; 
cCN   34.99640143975984; 
L1HP   71.8895877574868; 
L1HN   71.8895877574868; 
L1CP   72.0823057839392; 
L1CN   72.0823057839392; 
L4HP   73.76106053404978; 
L4HN   73.76106053404978; 
L4CP   70.90717694888463; 
L4CN   70.90717694888463; 
g1HPfar   0.2585833230904866; 
g1HNfar   0.2585833230904866; 
g1CPfar   0.2704551225683616; 
g1CNfar   0.2704551225683616; 
g1HPclo   0.07922606854605102; 
g1HNclo   0.07922606854605102; 
g1CPclo   0.07922606854605102; 
g1CNclo   0.07922606854605102; 
f1HPclo   0.6779137939246489; 
f1HNclo   0.6779137939246489; 
f1CPclo   0.6643286831044449; 
f1CNclo   0.6643286831044449; 
g4HPfar   3.943983578744164; 
g4HNfar   3.943983578744164; 
g4CPfar   3.4618148363514107; 
g4CNfar   3.4618148363514107; 
g4HPclo   13.577601192196095; 
g4HNclo   13.577601192196095; 
g4CPclo   13.577601192196095; 
g4CNclo   13.577601192196095; 
f4HPclo   0.6778316015499714; 
f4HNclo   0.6778316015499714; 
f4CPclo   0.6642415214515407; 
f4CNclo   0.6642415214515407; 
axgrading2HPoffset (0.00949352106313211 1 1) (0.01136275864634626 1 1) (0.013600041880827696 1 1) (0.016277837531974912 1 1) (0.01859506454016399 1 1) (0.011445391014406323 1 1) (0.010342328046018534 1 1) (0.009908368910783255 1 1) (0.012471481448409621 1 1) (0.014260900814925231 1 1) (0.016986365782776597 1 1) (0.020475393860161645 1 1) (0.02450082865431541 1 1) (0.029174277975900054 1 1) (0.03560842674514014 1 1) (0.04174710029410095 1 1) (0.04745264330468146 1 1) (0.05077355847567766 1 1) (0.052949222820326214 1 1) (0.055952031497313426 1 1) (0.059033224716225075 1 1) (0.061993070287026275 1 1) (0.06523013937712197 1 1) (0.06961430915004008 1 1) (0.07302070965730634 1 1) (0.07746714769402907 1 1) (0.09026385581086971 1 1);
axgrading2HNoffset (0.006474122046201108 1 1) (0.007746801333578551 1 1) (0.009269663202773407 1 1) (0.011091888405657394 1 1) (0.013272325618771959 1 1) (0.0158813919585472 1 1) (0.019003347098738854 1 1) (0.015021927422641052 1 1) (0.012580955035228505 1 1) (0.014451410185750885 1 1) (0.017095028332350257 1 1) (0.02057376965444943 1 1) (0.024651351852463838 1 1) (0.02943122630227199 1 1) (0.03610369941317393 1 1) (0.042792173566761404 1 1) (0.04847224668402361 1 1) (0.05232002094610838 1 1) (0.05442234549950409 1 1) (0.05733862602786316 1 1) (0.060507150153369604 1 1) (0.06441942693633829 1 1) (0.06761302041119921 1 1) (0.07091175887978118 1 1) (0.07578590202320112 1 1) (0.0794903963489898 1 1) (0.07327802466026179 1 1);
axgrading2CPoffset (0.009243615335317621 1 1) (0.011070167614814545 1 1) (0.013257649369274396 1 1) (0.01587738080527394 1 1) (0.01885822134717436 1 1) (0.01229540193969414 1 1) (0.010452215224247649 1 1) (0.009936325142836905 1 1) (0.01188486422199124 1 1) (0.015135914132712106 1 1) (0.01711787885454119 1 1) (0.020498373673927095 1 1) (0.024624617657514863 1 1) (0.02960030880268094 1 1) (0.036129943648821355 1 1) (0.0418656158604756 1 1) (0.0488821735560232 1 1) (0.050575324289134804 1 1) (0.05383332325842566 1 1) (0.05679838888858085 1 1) (0.059446517612047556 1 1) (0.0629432820094451 1 1) (0.06619041770717538 1 1) (0.07055779123021899 1 1) (0.07446399927166747 1 1) (0.07880988702501901 1 1) (0.07965040152096403 1 1);
axgrading2CNoffset (0.00937578021766514 1 1) (0.011227972317912085 1 1) (0.013446066294757378 1 1) (0.016102346326111225 1 1) (0.0190853106534557 1 1) (0.01222762667796902 1 1) (0.010408220981309835 1 1) (0.009924587515635519 1 1) (0.011887844451386978 1 1) (0.01511297596379621 1 1) (0.017109363551941592 1 1) (0.02047567637974551 1 1) (0.024599543039111882 1 1) (0.0295727466253847 1 1) (0.036060653276536875 1 1) (0.041620375181997404 1 1) (0.048551663030142245 1 1) (0.05031016812784139 1 1) (0.05372240847449039 1 1) (0.056235420200159925 1 1) (0.05915311102498677 1 1) (0.06264996005861756 1 1) (0.06575131506951748 1 1) (0.07037820622255031 1 1) (0.07383622304605908 1 1) (0.07833704257933338 1 1) (0.08283739271158441 1 1);
axgrading3HPoffset (0.07543262043961817 1 1) (0.0792047833561375 1 1) (0.07400788151951318 1 1) (0.0705214747089496 1 1) (0.06662191174962373 1 1) (0.06302243813779901 1 1) (0.0592981716511502 1 1) (0.05625485891272736 1 1) (0.05300102206387225 1 1) (0.05014334716335389 1 1) (0.047309764758417416 1 1) (0.04067590624371953 1 1) (0.033330439926953725 1 1) (0.028363415490121446 1 1) (0.023758071029671646 1 1) (0.020033770292181008 1 1) (0.01684780961496357 1 1) (0.01369556045679643 1 1) (0.011995403255127712 1 1) (0.01012395277757061 1 1) (0.02144460026408279 1 1) (0.01844815432600888 1 1) (0.015371112805634302 1 1) (0.012807303359904876 1 1) (0.010671121956278062 1 1) (0.008891242801529864 1 1) (0.007408236817051828 1 1) (0.0061725873381938134 1 1) (0.0051430367830476165 1 1);
axgrading3HNoffset (0.0912613741081558 1 1) (0.07639065405590478 1 1) (0.0731491134586803 1 1) (0.06848196892817085 1 1) (0.06602637529980071 1 1) (0.06227530086171851 1 1) (0.05953674655082075 1 1) (0.05626557712972291 1 1) (0.05343482787668319 1 1) (0.051005317508882375 1 1) (0.04827112717859927 1 1) (0.04078384802639279 1 1) (0.03319724769125665 1 1) (0.028152283167092618 1 1) (0.02344720390677102 1 1) (0.019549444156609752 1 1) (0.016133434973587546 1 1) (0.01335558538196302 1 1) (0.010853011000838353 1 1) (0.009494787852124098 1 1) (0.00785695706734435 1 1) (0.006414681792996535 1 1) (0.008879236090989395 1 1) (0.013680395351845731 1 1) (0.011124910550606715 1 1) (0.009505487723006745 1 1) (0.008625025773487782 1 1) (0.007452194114630051 1 1) (0.025395882421317406 1 1);
axgrading3CPoffset (0.08759606569767066 1 1) (0.07921684747134623 1 1) (0.0744910995916333 1 1) (0.06983453075661047 1 1) (0.06619326498523131 1 1) (0.062429206309309426 1 1) (0.058994279554225926 1 1) (0.055454755480470685 1 1) (0.05229372592545389 1 1) (0.04940455480802275 1 1) (0.0464536596076045 1 1) (0.04040558157568841 1 1) (0.033021055842676894 1 1) (0.028125873390768885 1 1) (0.023521812891824312 1 1) (0.019661493661097484 1 1) (0.01645346675544057 1 1) (0.01374120509337684 1 1) (0.011258907029892296 1 1) (0.009777045575991461 1 1) (0.008074350135148234 1 1) (0.011921350211125503 1 1) (0.01649617062539943 1 1) (0.013272243490227265 1 1) (0.01170511120283757 1 1) (0.010643138042020328 1 1) (0.009566446205891754 1 1) (0.00903603434975031 1 1) (0.010956723733263285 1 1);
axgrading3CNoffset (0.08455289522007776 1 1) (0.07955009607715664 1 1) (0.07483133040710652 1 1) (0.06989999409308617 1 1) (0.06632598908948684 1 1) (0.06250175414282128 1 1) (0.05879545174880363 1 1) (0.055359132725855575 1 1) (0.052151377926988984 1 1) (0.049080031137178626 1 1) (0.046222384602701116 1 1) (0.040252365744148366 1 1) (0.032982783131079274 1 1) (0.02811827281201018 1 1) (0.02352446317171253 1 1) (0.01972351342419454 1 1) (0.016556759291863954 1 1) (0.013662439122248626 1 1) (0.011474260778688516 1 1) (0.009891439111412659 1 1) (0.007902398255274168 1 1) (0.01641750004159681 1 1) (0.016469291430614486 1 1) (0.013854140801978332 1 1) (0.012374147995490525 1 1) (0.011124999489784182 1 1) (0.010197701476888588 1 1) (0.009308435736725573 1 1) (0.0068946510130255545 1 1);
nBLcellsHub   14; 
nBLcellsCas   14; 
nBLcellsBlade   16; 
hubIp (58.15924219121715 14.274761360045693 -127.6992490256896) ;
casIp (150.6853955797977 44.41946364155201 -121.9796113412896) ;
hubKp (55.350377000697655 13.601353689486867 -56.954650616797416) ;
casKp (148.35855996165253 43.52758462404548 -51.03385206865633) ;
hubLp (55.220620949126975 13.483644621661812 -55.87410393399361) ;
casLp (148.292438406859 43.521767643432355 -49.942629831840186) ;
hubMp (53.511050551158384 9.947598259311665 -38.449341637069644) ;
casMp (147.8823184139554 41.89169404441013 -32.46527867230791) ;
hubPp (53.699611793871995 8.875040112810781 -38.451216563992105) ;
casPp (148.17513392149112 40.84018770017291 -32.43971859375528) ;
hubTp (51.79172729723895 6.53924398273863 -21.02457934014568) ;
casTp (146.71049389235046 44.16546871646708 -14.987927512775656) ;
hubUp (51.702335414157744 6.237873845537265 -19.961420635836333) ;
casUp (146.6720795417322 44.209170804599395 -13.893305825475558) ;
hubOp (65.52468065313806 6.1457684870156175 51.44572644275219) ;
casOp (143.3345018060904 38.18114990374116 55.58556856501264) ;
hubIn (59.723870119646065 -4.396089407024832 -127.6992490256896) ;
casIn (157.0366965229392 -4.318927691635376 -121.9796113412896) ;
hubKn (56.84438616246274 -4.1685510814541935 -56.954650616797416) ;
casKn (154.54813857261863 -4.448123293858095 -51.03385206865633) ;
hubLn (56.68460672173774 -4.240402232377907 -55.87410393399361) ;
casLn (154.48345569119925 -4.433222887049669 -49.942629831840186) ;
hubMn (54.297930259809355 -3.7579265184631034 -38.449341637069644) ;
casMn (153.6803426900873 -2.538976182302576 -32.46527867230792) ;
hubPn (54.35791871622457 -2.6675050119423678 -38.41592655108169) ;
casPn (153.69513911903826 -1.4457561281550741 -32.481419943961164) ;
hubTn (51.27759725725103 -9.78533330145225 -21.02457934014568) ;
casTn (153.17785162312364 -3.3321790478524473 -14.987927512775656) ;
hubUn (51.099452030350434 -10.044329723223104 -19.961420635836333) ;
casUn (153.15482209257146 -3.278745204989583 -13.893305825475558) ;
hubOn (64.21682141930778 -14.403266705593381 51.44572644275219) ;
casOn (148.11783613763515 -7.980365522753424 55.58556856501264) ;
